[[0.0, -0.10877408, 0.029012193, -0.21021882, -0.30891581, -0.068333599, -0.26130464, -0.06548876, -0.27028494, -0.23293299, -0.14847467, 0.094386788, 0.11220857, 0.51600262, 0.10780167, -0.069160263, 0.057366694, -0.26655912, -0.045490302, -0.3778602, -0.0098354687, -0.25044838, 0.011331435, 0.80072638, -0.02101542, -0.32111759, -0.48356369, 0.33768125, -0.076856331, -0.29957267, -0.011525815, -0.16948472, 0.00069620623, -0.24364899, 0.19440677, -0.45105246, -0.15941498, 0.29659498, -0.06795543, -0.32379913, 0.0099068047, 0.091007692, -0.22750949, -0.23259932, -0.29753186, 0.35341657, -0.37347378, -0.29560963, -0.30738586, -0.075489096, -0.017706747, -0.1259699, -0.205168, 0.14071998, 0.46822727, -0.032231127, -0.073392213, -0.22650134, 0.057210885, 0.25219415, 0.24092338, -0.41403492, -0.2496002, -0.09607399, -0.2490196, -0.25837609, -0.10761568, -0.31995393, -0.24747608, 0.30096856, -0.18289294, -0.032853774, 0.041948294, 0.69613264, 0.013074507, -0.061505476, 0.16863179, -0.31118007, -0.24729754, 0.083892249, 0.24584901, 0.29763533, -0.02411474, -0.45177737, 0.69630782, 0.034407347, 0.15342877, 0.76038654, 0.12920242, 0.68310312, -0.27684371, -0.016754629, -0.14344419, -0.31439403, 0.55454779, -0.27450727, 0.10351297, -0.13885987, -0.29297645, -0.17456912, 0.42492594, 0.080657047, 0.057206439, 0.30208942, -0.010958014, -0.15906316, 0.032936646, -0.33315323, 0.080830268, -0.19047924, -0.048914374, 0.13639169, -0.13222642, 0.72634327, 0.37175728, -0.22989446, -0.39473186, -0.016498434, 0.019521365, -0.089082833, 0.30349964, -0.3029832, -0.12169779, 0.010238913, 0.15233939, 0.47934048, -0.10447878, 0.010250028, -0.20807905, 0.25850173, 0.036122489, -0.2102764, 0.27469606, -0.029990469, -0.16241807, -0.064383573, -0.018189742, 0.38566268, 0.0037792876, 0.66426755, 0.79402241, -0.08084977, -0.013602418, 0.044635144, 0.24051015, -0.01175647, -0.14597452, -0.37165872, -0.075790111, -0.09519204, 0.65356753, 0.095351543, 0.62264586, -0.27818777, -0.31176878, 0.55909284, 0.38078078, 0.16606794, 0.039466789, 0.09102951, -0.20254716, -0.32863505, -0.22185417, -0.25476076, -0.28211694, -0.23242037, -0.20759945, 0.30816043, 0.51414189, -0.067775211, -0.25580796, 0.30876682, -0.38629821, -0.18268976, 0.13198708, 0.085715266, -0.19038035], [-0.10877408, 0.0, 0.015628421, -0.14095113, 0.29085905, 0.11880708, 0.076383741, -0.28631093, 0.095401451, -0.24292217, -0.50964064, 0.53394801, -0.17192887, 0.078227745, -0.082722265, -0.12505116, 0.23589118, -0.11967904, 0.12320729, 0.19996112, -0.20027124, -0.22093091, -0.48509821, -0.026873641, 0.10023737, 0.1055554, 0.29665271, -0.15037674, -0.26886095, 0.045828476, 0.12792214, -0.25473789, -0.082010326, -0.02973534, 0.12176349, 0.11593562, 0.21168894, -0.16752552, 0.10172087, 0.35395905, -0.06358536, -0.10641192, -0.03309746, 0.10172462, 0.043309451, -0.38502994, -0.24639165, 0.35606915, 0.14606795, 0.43521223, -0.37084175, -0.24905322, 0.57578232, 0.043253589, -0.1406546, -0.1211003, 0.1906621, -0.17035071, -0.2163258, -0.03358399, -0.19784639, -0.069714802, 0.23819179, 0.099066698, 0.2579953, -0.25860638, 0.52419726, -0.024002917, -0.12818401, -0.38284096, 0.70960091, -0.30748252, 0.1101066, 0.078534097, 0.17367602, -0.36112436, -0.41309854, 0.12837198, 0.33116651, -0.20149643, -0.27363585, -0.018022678, 0.45344643, 0.14300512, 0.026881462, -0.31400077, 0.24980497, 0.054106422, 0.21711355, 0.074357061, 0.36818988, -0.092076935, 0.097583772, 0.070102354, -0.27871545, 0.35794137, -0.14359185, -0.17956481, 0.10211413, -0.29358451, -0.090108978, -0.25191535, -0.11372067, 0.14629699, -0.433159, -0.2778813, 0.27730698, -0.063548135, -0.016685492, 0.069586993, 0.0033387764, -0.34043046, -0.19797888, -0.15427925, -0.26561299, 0.28939464, -0.031764512, -0.081241982, -0.033997438, -0.057153535, -0.39278933, 0.1526728, 0.22631589, 0.061828501, -0.31401971, 0.13621261, 0.1870722, 0.12719794, -0.28933789, -0.22560117, 0.05036281, 0.28491802, 0.17547072, 0.21267959, -0.15595359, -0.28294377, -0.060479311, -0.046251777, -0.25286213, -0.10408798, -0.20408821, 0.17533673, -0.47994654, -0.37071869, -0.38473934, -0.35182669, 0.09497065, 0.16789939, -0.35196451, 0.27303459, -0.17001769, -0.079196215, -0.079027837, 0.29038724, 0.51047274, -0.013416641, -0.34644119, -0.13103076, -0.040591286, -0.31485131, -0.061129182, -0.26906835, 0.24771769, -0.29545187, -0.120637, 0.14475577, 0.014957147, -0.067722002, -0.27347324, 0.5777615, 0.102591, -0.10295503, -0.1080175, 0.45269381, 0.22142637, 0.076072534, -0.17091297], [0.029012193, 0.015628421, 0.0, -0.059603706, -0.18268915, 0.32582846, -0.15291414, 0.033415216, -0.31900442, 0.10451529, 0.12938813, 0.32060866, -0.019070997, -0.023559785, 0.10676116, 0.25303379, 0.81300161, -0.080076709, 0.029957976, -0.064633167, 0.024613364, 0.082024839, 0.1301896, -0.12928896, 0.25041276, 0.023647217, -0.11797648, -0.021772738, -0.0077746598, -0.28688693, -0.14665865, 0.2135406, 0.12850112, -0.064699726, -0.19273439, -0.078633317, -0.25997825, -0.17056824, -0.030823227, 0.10378739, -0.070815708, 0.076802175, -0.081074424, 0.26633721, -0.27546219, 0.45382241, 0.096408947, -0.36830378, -0.19586171, 0.44563727, 0.14479302, 0.028084893, -0.17166966, 0.28937047, -0.015251443, 0.20924463, 0.08860127, 0.1790933, -0.049644052, -0.003487571, 0.63748464, -0.058009522, -0.39186148, -0.31255264, -0.38432935, 0.01033844, 0.30476275, 0.11438105, 0.28383218, 0.54734017, -0.11475679, 0.021419425, -0.19079383, -0.073313807, 0.054036191, 0.018149879, 0.41977129, 0.10493132, -0.14333039, -0.19451861, 0.080168226, 0.07555282, -0.081239514, -0.05615419, 0.12492388, 0.10818219, -0.16409744, -0.13529919, -0.18176187, -0.12485955, -0.1566465, 0.70759832, 0.1365835, -0.19953777, 0.17795085, -0.062874245, -0.08411281, -0.068358867, -0.10020376, -0.13259417, 0.084269607, 0.019801739, 0.063172651, 0.035134163, 0.27430541, 0.10063395, 0.38892979, 0.070910866, -0.18043382, 0.031041872, 0.13455147, 0.039157729, 0.0098576623, 0.16577002, 0.072829105, -0.38925655, 0.19153752, -0.075867577, 0.40448678, 0.015200767, 0.34612316, -0.11546773, -0.22044191, -0.22394613, 0.37706483, -0.22124984, -0.055603833, 0.13641462, 0.13654426, 0.66436582, 0.011622197, -0.27675755, 0.047083247, -0.1305322, -0.1208506, 0.15421148, -0.054293621, -0.023522408, 0.19177905, -0.021611038, 0.085425306, -0.063452367, 0.22921588, 0.43345614, 0.0056040526, 0.090087316, 0.23200872, -0.25513788, 0.089299464, -0.42834286, -0.0024483837, -0.011392004, 0.30039974, -0.32060615, 0.21599912, -0.23343816, 0.37379509, -0.044348387, 0.52228268, -0.057785894, -0.033857111, -0.0005804103, -0.047894515, 0.13404171, 0.013447309, -0.22135569, -0.2717183, -0.097309642, 0.33797591, -0.067911923, -0.17555642, 0.074049702, -0.24321843, 0.4939476, -0.052499651, 0.043874787, 0.031974213], [-0.21021882, -0.14095113, -0.059603706, 0.0, -0.15618421, 0.2169184, -0.065920758, 0.20929064, -0.071263266, 0.18082132, 0.16429148, -0.23257507, 0.054720801, -0.087865612, 0.0091056357, 0.091058407, -0.0794457, 0.077253655, 0.044583929, -0.062371645, 0.16786023, 0.40865254, 0.019338437, -0.14862528, 0.22930703, 0.06552294, 0.040770171, -0.23719634, 0.15255128, -0.15345209, -0.011299229, 0.48896918, 0.32879073, -0.030686014, -0.1045755, 0.02227671, 0.18716166, -0.24309784, 0.11032789, -0.046306228, 0.1403736, 0.27745049, -0.13776937, 0.016862705, -0.16720024, -0.11151371, 0.16573902, 0.024256056, -0.021579115, 0.019592299, 0.1673454, 0.12773024, -0.066458847, 0.26274596, -0.02468615, -0.026322184, 0.030855777, 0.42209205, 0.48278876, -0.23679093, -0.05668307, 0.0038862289, -0.14349311, -0.19147434, -0.26247479, -0.12724957, 0.10490608, 0.018691534, 0.33274767, -0.077285869, -0.068457018, 0.34016861, 0.047146767, -0.20733278, 0.13216674, 0.38707619, 0.012528229, 0.16546052, -0.2810082, 0.41207946, -0.067774265, -0.098896543, 0.10410273, 0.16007985, -0.18682483, 0.31773181, -0.025262581, -0.24428175, -0.024015734, -0.34591803, -0.29044665, 0.10897362, -0.023159254, -0.15686044, -0.35887531, -0.13501396, 0.3759833, 0.13567858, 0.092603659, 0.12487275, -0.1552172, -0.2540502, 0.035178954, -0.066858971, 0.39198509, 0.5690748, 0.1631929, 0.2663315, 0.11004861, 0.13053969, 0.0041495929, 0.24338848, 0.57979456, -0.30720347, -0.1902634, -0.06599038, 0.16960992, 0.0088357158, -0.071897519, 0.69595372, 0.02725231, -0.31349875, -0.13384939, -0.27528329, -0.013019138, -0.167441, -0.28972913, 0.24396229, 0.62618283, -0.11732876, 0.038730181, 0.14699704, 0.058127228, -0.06009708, 0.35970336, 0.23629516, 0.36786358, -0.15465911, 0.27116484, -0.32230166, -0.23875761, -0.11024682, 0.14633714, -0.019233409, 0.026831955, 0.30469261, 0.055745021, -0.14353751, 0.054540679, 0.018726667, -0.16225666, 0.033817623, 0.037771399, -0.15629976, -0.19864811, -0.340511, 0.0091109844, 0.28660058, 0.14595938, 0.051875844, 0.084164326, 0.059349554, 0.05716386, 0.48510037, 0.4857621, -0.33861562, -0.30219276, -0.1318254, 0.063445283, 0.11980981, -0.33304869, -0.13695318, -0.061543639, -0.023411252, 0.047923647, 0.3481442, 0.47114007], [-0.30891581, 0.29085905, -0.18268915, -0.15618421, 0.0, -0.31185514, 0.27917669, -0.42126413, 0.52881277, -0.13578007, -0.18403693, 0.1718647, 0.14818535, -0.61513095, -0.28193349, -0.22103277, -0.11914802, 0.32081644, -0.29052728, 0.87798831, -0.50785896, -0.11834032, -0.44481844, -0.34628335, -0.41197921, -0.07748512, 0.78312401, -0.55264662, -0.061196389, 0.66903642, -0.037146012, -0.37393407, -0.42090399, 0.17243909, -0.13559869, 0.79254896, -0.10906539, 0.072486534, 0.16680495, 0.72737405, 0.23387598, -0.30282203, 0.48456019, -0.35265582, 0.59916982, -0.577313, 0.30368012, 0.45866742, 0.42145111, 0.32891962, -0.23402015, -0.31473334, 0.5513245, -0.2635632, -0.60143052, -0.36739386, -0.21159072, -0.086663829, 0.018140458, -0.021183291, -0.3481577, 0.51936654, 0.6740563, 0.54738366, 0.63472851, 0.11293941, 0.13332435, 0.20326688, -0.21007057, -0.58500786, 0.53760152, -0.19160086, 0.38220045, -0.28172629, 0.046267747, -0.33318089, -0.47820043, -0.14056293, 0.85580343, 0.16385494, -0.46217355, 0.16004098, -0.17274928, -0.013645156, -0.49675208, -0.43288972, -0.26118794, -0.21402872, 0.17176918, 0.10219239, 0.88926768, -0.13726946, 0.11532792, 0.5776246, -0.29236684, 0.84884089, 0.13763935, -0.20496669, 0.65053047, -0.33016778, -0.54459378, -0.041678846, -0.6023935, -0.074359821, -0.42881865, -0.39037159, -0.21132714, -0.098089109, -0.40380098, -0.024985544, -0.20881039, -0.14367266, -0.29307193, -0.14211721, -0.41933877, 0.74125302, -0.065061116, 0.26381001, -0.58717736, -0.2363587, -0.49049292, 0.86206786, 0.48782111, 0.25441456, -0.52004567, -0.26349828, 0.44365638, 0.14569416, -0.25541847, -0.41118814, 0.45136626, 0.24526778, -0.41119425, 0.063746185, 0.15411964, -0.36494039, 0.20694944, -0.4969927, -0.30199977, -0.084306687, -0.47988266, 0.33689233, -0.027837931, -0.51325658, -0.60940663, -0.6594151, -0.043815327, 0.80646874, -0.1966491, 0.19349181, -0.38301694, -0.57850673, -0.48338232, 0.64261542, 0.66607784, -0.11433282, -0.53222688, 0.20988314, 0.000920725, -0.51868868, 0.0044745904, 0.21969768, 0.36239719, -0.21428649, -0.11253615, 0.63275656, 0.3613702, -0.20109535, -0.56277367, 0.34250619, 0.57357219, -0.45170508, 0.58879505, -0.013112937, 0.069406101, -0.026283154, 0.019868622], [-0.068333599, 0.11880708, 0.32582846, 0.2169184, -0.31185514, 0.0, -0.04117483, 0.29997968, -0.51681648, 0.35121473, 0.17712757, 0.081283758, -0.30817036, 0.18762432, 0.15011327, 0.28428464, 0.29322535, 0.18458268, 0.49337897, -0.053769489, 0.23834955, 0.21354377, 0.035542819, -0.10013607, 0.38333102, 0.1320845, 0.015013155, 0.095730966, -0.00783789, -0.27006908, -0.3475603, 0.30968978, 0.20738106, -0.034589901, -0.341393, -0.10204005, 0.25342857, -0.23873899, 0.039347254, -0.16832053, -0.19768603, -0.13496904, -0.12112346, 0.26750245, -0.16898101, 0.19756565, 0.16202873, -0.19045043, -0.24380981, 0.027677135, 0.48143301, 0.15561244, -0.32368276, 0.11830223, 0.021714566, 0.46870686, 0.47592761, 0.25596866, 0.14476629, 0.049672112, 0.16726517, -0.024011553, -0.47911281, -0.37574675, -0.38452876, 0.078221592, 0.63292695, 0.16126468, 0.56230871, 0.37001675, -0.22159819, 0.29456383, -0.28562445, 0.095733346, -0.0049227299, -0.042976833, 0.112432, 0.28192865, -0.35995581, -0.21716179, 0.10034111, -0.014727256, -0.030184026, 0.10510135, 0.13606337, 0.065224288, -0.12168053, -0.07782074, -0.25479344, -0.22987548, -0.4394246, -0.029446176, 0.04394709, -0.46735223, -0.18100303, -0.35322986, 0.1843408, 0.27423179, 0.060843733, 0.3828553, 0.004973381, 0.033392023, 0.17284531, 0.26064006, 0.45720622, 0.29053723, 0.24985202, 0.51719358, 0.12847887, 0.36753229, 0.085031128, 0.38356284, 0.3080194, -0.19259741, -0.030580561, -0.35891167, 0.25228215, -0.25385271, 0.39297185, 0.2235186, 0.1331353, -0.35618924, -0.56669356, -0.45139066, 0.22531804, 0.10745787, -0.15979861, -0.16221531, 0.24083476, 0.39507954, -0.14703986, -0.010357752, 0.51065115, -0.32380549, -0.032208357, 0.073729797, -0.13847958, 0.012278184, 0.16464275, -0.33783322, -0.14200363, -0.2339934, 0.13409865, 0.39055655, 0.13640328, 0.21573496, 0.11722547, -0.25798643, 0.40241465, -0.073537752, 0.040695441, 0.021806615, 0.2239336, -0.35957538, -0.20161094, -0.22380986, 0.1721638, 0.014778669, -0.13075628, 0.29675439, 0.29046374, -0.14328288, -0.014754509, 0.34649457, 0.3341703, -0.48389949, -0.18821059, 0.017426215, 0.24159872, 0.079627279, -0.37074026, 0.0013728509, -0.2345141, 0.48774611, 0.026310603, -0.11756559, 0.34227037], [-0.26130464, 0.076383741, -0.15291414, -0.065920758, 0.27917669, -0.04117483, 0.0, -0.20442433, 0.36440474, -0.017162379, -0.04723054, 0.22717858, -0.05227395, -0.36107362, 0.53400299, 0.1986953, -0.25574232, 0.14000918, -0.17192161, 0.41381391, -0.25898505, -0.2551841, 0.31430396, -0.16033851, -0.13094998, -0.076666656, 0.48046076, -0.0054060004, 0.083073442, 0.4304868, 0.048537848, -0.27582589, -0.13313114, 0.78408354, 0.29138566, 0.31357415, -0.16836719, 0.0043641863, 0.22450565, 0.32622109, 0.019578911, -0.087536877, 0.38169471, -0.33008279, 0.44199067, -0.39876156, 0.0070813814, 0.63996916, 0.0040488012, 0.073522575, -0.070136477, -0.2269589, 0.25532359, -0.25102195, -0.35100504, -0.2350433, -0.11495893, -0.36917887, -0.13752401, -0.024437708, -0.2572557, 0.35689427, 0.33602614, 0.30903582, 0.42355053, 0.49222397, -0.010198458, -0.018218748, -0.30597397, -0.36988964, 0.30431889, -0.37997479, 0.069928783, -0.31618263, -0.069694401, -0.19066855, -0.27828802, -0.10340127, 0.2885599, -0.14254948, 0.36805833, 0.086305515, -0.10236817, -0.0082751061, -0.41585606, -0.28341495, -0.042482326, -0.14492219, -0.24881035, -0.12156503, 0.27177372, -0.18448665, 0.55136388, 0.38867733, -0.25676133, 0.23603917, -0.21968541, -0.033691522, 0.19147234, 0.15172684, -0.31943083, 0.36157587, -0.2807017, -0.19228599, -0.34309875, -0.09231857, -0.31403945, -0.067021348, -0.063677603, -0.066387084, 0.54772482, -0.30598256, -0.30684143, -0.18209253, 0.25289387, 0.3493514, -0.060719563, 0.11761008, -0.23110983, -0.26706681, -0.40080216, 0.34443576, 0.2216424, -0.0080897041, -0.38924634, -0.34358197, 0.39952341, -0.13816095, -0.26079648, -0.35966789, 0.15855364, 0.57682698, -0.3687027, 0.11419436, -0.15758038, -0.12694517, -0.13352531, -0.11609817, -0.29216012, -0.028221343, -0.26334707, 0.15062304, -0.2756467, 0.16067157, 0.11000844, -0.30705245, 0.68951458, 0.31144513, -0.085484435, 0.14897627, -0.26028026, -0.15554997, -0.33348555, 0.34910304, 0.42830941, -0.034688523, -0.45819729, -0.096537856, -0.11636134, 0.12305166, 0.13482552, 0.0025334809, 0.066635805, -0.20504361, -0.021428133, 0.3964745, 0.40534175, -0.27449281, -0.47267817, 0.0027100255, 0.57278129, -0.23821431, 0.18514133, -0.0046774873, -0.21703354, -0.12560998, 0.029781912], [-0.06548876, -0.28631093, 0.033415216, 0.20929064, -0.42126413, 0.29997968, -0.20442433, 0.0, -0.2066942, 0.013274055, 0.18363244, -0.091528652, -0.16666165, 0.022594541, -0.074182721, 0.35894336, 0.016637954, 0.015265408, 0.52619049, -0.28916686, 0.22942509, -0.039805992, 0.18314049, -0.0081219667, 0.25046123, 0.38466747, -0.24535753, 0.058616556, 0.059322911, -0.27089834, -0.1091707, 0.48803831, 0.339693, -0.19049257, -0.025935154, -0.33300181, 0.091382828, -0.26960123, 0.098443672, -0.35195283, -0.14218577, 0.11698375, 0.0071718653, 0.18707815, -0.1505609, 0.33148622, -0.097797759, -0.21753445, -0.29181439, -0.3050982, 0.17209156, 0.81154122, -0.33430239, -0.031488271, 0.20070125, 0.17952384, 0.29704945, 0.11816778, 0.053667226, 0.14155961, 0.23200234, -0.12304662, -0.27372765, -0.20330747, -0.30515027, -0.079609442, -0.020327843, 0.14475129, 0.3566703, 0.35673106, -0.34532606, 0.28422698, -0.18797543, 0.0049052676, 0.053412507, 0.5211342, 0.29838479, 0.27433994, -0.32386026, -0.11611484, 0.055164556, -0.085838283, -0.04566581, 0.33897735, 0.093339997, 0.44783292, 0.051037443, -0.011871147, -0.1233244, -0.20811792, -0.41054615, 0.091119058, -0.1317248, -0.15924322, -0.027996601, -0.46358097, -0.03255793, 0.69320325, -0.10709611, 0.14247675, 0.12686871, 0.026405428, 0.22424118, -0.079181471, 0.43909409, 0.70310444, -0.061007921, 0.55046595, 0.16724895, -0.063451364, -0.027053944, 0.06808291, 0.27880822, -0.23784911, 0.053874143, -0.29833594, 0.18403362, -0.078886198, 0.06442276, 0.2080396, 0.4115405, -0.40938842, -0.2297889, -0.13931745, 0.40498943, -0.066550482, -0.081526182, -0.13450296, 0.46767711, 0.21354211, -0.25923269, -0.15318746, 0.070363939, -0.19447582, 0.11660901, 0.71453254, -0.20415848, -0.0058221423, 0.43647668, -0.27188483, -0.035644295, -0.2593675, 0.16885804, 0.084465355, 0.12917089, 0.4485774, -0.09325561, -0.41026042, 0.11134225, -0.25666605, 0.23401984, 0.16779502, 0.26166315, -0.30093487, -0.38330153, -0.1789742, 0.2536982, -0.14334474, -0.010619505, 0.086861882, 0.31130461, 0.095216676, -0.19887068, 0.33483028, 0.56603905, -0.2633946, -0.037802548, 0.20542636, 0.2472214, -0.27698801, -0.22299348, -0.0093241304, -0.19379725, -0.19080301, -0.020655768, -0.020731824, 0.3721788], [-0.27028494, 0.095401451, -0.31900442, -0.071263266, 0.52881277, -0.51681648, 0.36440474, -0.2066942, 0.0, -0.34197198, -0.14259602, -0.033780925, 0.14731509, -0.45126341, 0.024627697, -0.2174443, -0.29434638, 0.089150252, -0.23250919, 0.3908819, -0.41411563, -0.083886134, -0.10875352, -0.2341177, -0.32123346, 0.024512806, 0.53330433, -0.45108284, -0.05777255, 0.65600307, 0.30812708, -0.3147988, -0.32607983, 0.2414716, 0.41390669, 0.30139053, -0.1256924, 0.019864643, 0.10192809, 0.45859558, 0.16837341, -0.063575029, 0.50002581, -0.35892732, 0.59096281, -0.58004518, -0.058417624, 0.41041649, 0.36678084, 0.12981557, -0.32510799, -0.16318633, 0.41692472, -0.17004468, -0.30570797, -0.53326813, -0.20023839, -0.18784665, 0.0019339959, -0.083376432, -0.42383639, 0.21753044, 0.82249255, 0.778269, 0.81876741, -0.11790262, -0.082418122, 0.18365242, -0.35195135, -0.63624013, 0.38313653, -0.19151058, 0.19356998, -0.27057635, 0.10134635, -0.08083048, -0.47376805, -0.13780426, 0.61769653, 0.14868114, -0.13275544, -0.030056834, -0.045525276, -0.026923539, -0.42574914, -0.31037042, 0.1010944, -0.12173425, 0.28060364, 0.15580971, 0.68020551, -0.14577399, 0.041276242, 0.80702485, -0.24468595, 0.42286567, -0.027810193, 0.057917059, 0.28971228, -0.19852632, -0.32417568, 0.082002396, -0.41055541, -0.053625076, -0.49548581, -0.20288027, -0.34179477, -0.050383735, -0.16396883, -0.47876083, 0.027602619, -0.47184274, -0.20316425, -0.1340792, -0.1199273, 0.65898376, -0.059913731, 0.17205095, -0.64824264, -0.15642681, -0.54597316, 0.5422331, 0.77132571, 0.70236606, -0.52525372, -0.29666628, 0.47782933, 0.10929017, -0.26264597, -0.59502519, 0.23417122, 0.45955418, -0.51092129, 0.34484802, 0.19079472, -0.1118405, 0.023897385, -0.31847254, -0.29836006, 0.068405399, -0.35620979, 0.3023822, -0.13576165, -0.45846442, -0.18105434, -0.36157099, 0.21769546, 0.4021464, -0.52269612, 0.44939397, -0.28618205, -0.26347426, -0.36322253, 0.69519611, 0.48459998, 0.020352885, -0.6126226, 0.1186348, -0.06402993, -0.37251925, 0.12060348, 0.25431982, -0.048204739, -0.24979724, 0.036526972, 0.67730361, 0.38300833, -0.20715186, -0.52591794, -0.022143592, 0.56722599, -0.46373135, 0.54511782, -0.3877622, 0.023543421, -0.10532556, 0.069084617], [-0.23293299, -0.24292217, 0.10451529, 0.18082132, -0.13578007, 0.35121473, -0.017162379, 0.013274055, -0.34197198, 0.0, 0.33992177, -0.30627679, 0.071348727, -0.18384334, -0.06609799, -0.11952566, -0.012690661, 0.2637485, 0.053357839, -0.0022438872, 0.14304212, 0.29153539, 0.091346415, -0.31988448, 0.047105405, -0.036035723, -0.015969195, -0.031758541, 0.022076809, -0.082040002, -0.39804492, 0.12100966, -0.07084433, 0.14766239, -0.53140145, 0.27546558, 0.33201339, 0.028552388, -0.17263256, -0.10767116, 0.11391526, -0.18474119, 0.027009495, 0.21562614, -0.071641606, 0.11766291, 0.51177819, -0.22067479, 0.079429648, -0.12512701, 0.38590733, 0.018127387, -0.28034235, -0.12413291, -0.19485459, 0.41271497, 0.15847307, 0.30289911, 0.17011585, -0.194387, 0.10818756, 0.19971118, -0.32890805, -0.32461968, -0.26663572, 0.57731061, -0.03962936, -0.044588082, 0.39592502, 0.23606407, -0.29935126, 0.29614873, -0.087704453, -0.31622819, -0.078450825, -0.037867117, 0.28237983, 0.27863407, -0.32312363, -0.043371842, -0.1290499, -0.04168427, -0.17408997, 0.045335362, -0.28658063, -0.012370242, -0.38116163, -0.40381298, -0.28389335, -0.31054981, -0.29947706, 0.068264044, 0.16686987, -0.26596317, -0.080094444, -0.14474998, 0.087303475, 0.0066458443, 0.16341135, 0.34879393, -0.24665373, -0.042176775, 0.086445675, -0.17791752, 0.31550348, 0.010805779, -0.064179377, 0.26110789, 0.040590712, 0.53912217, 0.083414433, 0.34347878, 0.24042494, -0.12214951, -0.2173321, -0.32320137, 0.41693477, -0.025439463, 0.24042038, 0.14962553, 0.15353155, -0.084424497, -0.39697626, -0.46517089, 0.1683269, -0.23719428, -0.33719941, -0.21401661, 0.25448647, 0.23010026, -0.032161296, -0.29278773, 0.0042129689, -0.40542435, 0.14420545, -0.12309043, -0.0852067, -0.15771502, 0.056896994, -0.25264589, -0.13572617, 0.026363076, 0.33937084, 0.36859762, -0.03188337, 0.13884867, -0.13654278, 0.13798566, 0.73022599, -0.3903218, -0.23778536, -0.10994203, -0.26682647, -0.28745956, -0.18095825, -0.19143505, 0.1728575, 0.034309206, -0.010298364, 0.23615164, 0.001198016, 0.2288484, 0.21557654, 0.38967102, -0.068729113, -0.33264301, -0.15191337, -0.20708339, -0.0035706753, 0.0088368949, -0.22592805, 0.056946314, 0.14459045, 0.278125, -0.14663329, -0.12676781, 0.0013734066], [-0.14847467, -0.50964064, 0.12938813, 0.16429148, -0.18403693, 0.17712757, -0.04723054, 0.18363244, -0.14259602, 0.33992177, 0.0, -0.35117924, 0.13269276, -0.21168326, 0.011431821, 0.14197449, 0.017305407, 0.55259402, -0.031315217, -0.071222242, 0.3793228, 0.34258173, 0.32426441, -0.28691071, -0.0020134234, -0.13032483, -0.042618277, -0.14004945, 0.25366567, 0.082751467, 0.045417184, 0.34463289, 0.19341708, -0.12052454, -0.26803662, 0.11273774, 0.095892464, -0.024089266, 0.044822934, -0.18352375, 0.17433319, 0.059507013, 0.029569491, 0.12931929, 0.055336056, 0.30122082, 0.61829853, -0.13012214, 0.14991062, -0.20470906, 0.6155778, 0.11668685, -0.45987649, -0.14048169, 0.078488757, 0.30256213, -0.021203933, 0.25462578, 0.11649754, 0.041954151, 0.24596496, 0.20982238, -0.2705111, -0.10231517, -0.21980632, 0.19584557, 0.0054133738, 0.025476328, 0.54300737, 0.34012074, -0.43907656, 0.39280317, -0.06664227, -0.35847072, -0.16724875, 0.29862838, 0.37485907, 0.11319791, -0.33256502, -0.015832239, 0.052471303, -0.0081889151, -0.23694391, -0.0018468789, -0.21885667, 0.20166079, -0.064820808, -0.36766938, -0.06026099, -0.25429504, -0.28490492, 0.227301, -0.14345349, -0.061025321, 0.10234971, -0.20895114, -0.020347606, -0.046651992, 0.12030135, 0.23523226, 0.024196659, 0.22410387, 0.1047037, -0.05295122, 0.53248245, 0.20088412, -0.087927178, 0.29590667, 0.13280232, 0.24911713, -0.066474449, 0.34242264, 0.2938446, 0.039031452, -0.054490628, -0.32734887, 0.25016996, 0.07295133, 0.12825794, 0.12275164, 0.2886592, -0.099624288, -0.25330097, 0.01298116, 0.38279128, -0.31749008, -0.038958956, -0.08614076, 0.34733052, 0.33818946, 0.07331782, -0.052131761, -0.056826165, 0.039868666, 0.17525729, 0.19190176, -0.001558413, -0.046198695, 0.13271533, -0.069154856, -0.053505118, 0.030638706, 0.64670324, 0.23739676, 0.31448737, 0.46397689, -0.14198348, -0.0094234359, 0.4956186, -0.095284994, -0.18904816, 0.12715337, -0.065323477, -0.18019372, -0.30268495, -0.20299656, 0.30176575, 0.027833447, 0.13726561, 0.20390914, 0.15124784, 0.48266083, -0.018609523, 0.52165837, 0.12568401, -0.2648648, -0.055553778, 0.014631538, 0.23477166, -0.30907176, -0.29220823, -0.073544634, 0.23692533, 0.032970342, -0.32162071, 0.045229025, 0.21551634], [0.094386788, 0.53394801, 0.32060866, -0.23257507, 0.1718647, 0.081283758, 0.22717858, -0.091528652, -0.033780925, -0.30627679, -0.35117924, 0.0, 0.011230991, -0.027288001, 0.17134547, 0.10191665, 0.31710759, -0.20041525, 0.026299625, 0.21627758, -0.34248459, -0.46804054, -0.19537719, 0.17456802, 0.14923224, -0.065045974, 0.12645223, 0.016371307, -0.14784922, 0.022733005, -0.090794911, -0.27587868, -0.14302344, 0.19998496, 0.13548634, -0.004731052, -0.18809336, -0.095585202, 0.02156588, 0.25774743, -0.08394659, 0.029374339, 0.061501428, 0.0066505647, 0.17884395, -0.024759204, -0.31413214, 0.067235394, -0.23418199, 0.30916559, -0.31245939, -0.098518049, 0.21567954, 0.058847251, -0.18004835, -0.01825053, 0.1211385, -0.45836172, -0.18334868, 0.49472446, 0.14146442, -0.020467121, 0.12599443, 0.1317171, 0.14733966, -0.022936077, 0.27919634, 0.026100019, -0.27936998, -0.0035543441, 0.30829421, -0.28805798, -0.074095111, 0.13596023, 0.0057533401, -0.31883454, -0.051027159, -0.10168409, 0.32230677, -0.18154851, 0.053206098, 0.1999772, -0.055287363, -0.054348297, 0.12013382, -0.26658088, -0.062948643, 0.22852849, -0.042331832, 0.095288086, 0.26490838, 0.15363278, 0.23675418, 0.16210257, -0.034354505, 0.25320414, -0.1145914, -0.14099293, 0.043718651, -0.16347749, -0.090717271, 0.28031043, -0.28197735, 0.33925718, -0.32243492, -0.19934976, 0.10298639, -0.20787016, -0.10029571, -0.19156617, 0.14932798, -0.27555578, -0.37843228, 0.0092320706, 0.051735447, 0.12760869, -0.10009894, -0.078353496, -0.032124415, -0.20833789, -0.083378199, 0.24997494, 0.21296076, -0.013268757, -0.073457883, -0.06194901, 0.4114274, 0.094831899, -0.31405617, 0.11413421, 0.082436869, 0.092429642, 0.057302791, 0.021451487, -0.27482206, -0.18657403, -0.073315868, 0.0088981066, -0.18425403, 0.024502161, 0.063565034, 0.16531904, -0.15797953, -0.083286177, -0.06716241, -0.38639079, 0.27207411, 0.025766114, -0.25697097, -0.023330942, 0.13369117, -0.16105262, 0.2669611, 0.11233976, 0.51746984, -0.014834784, -0.056229368, -0.0065648866, 0.10690833, -0.33565223, -0.015013952, -0.19324364, -0.015394064, -0.41016962, -0.21639355, 0.29627013, 0.24422267, 0.026401032, 0.0053558584, 0.075794752, 0.31865476, -0.080623347, -0.19979266, 0.33760039, 0.13104312, 0.076522251, -0.18943269], [0.11220857, -0.17192887, -0.019070997, 0.054720801, 0.14818535, -0.30817036, -0.05227395, -0.16666165, 0.14731509, 0.071348727, 0.13269276, 0.011230991, 0.0, -0.13951867, -0.00045642182, -0.037561988, -0.12163085, -0.0017186481, -0.22076624, 0.06169875, -0.077918499, 0.065535792, 0.13610872, -0.072759592, -0.18053045, -0.067426006, -0.058975384, -0.048073113, 0.027939541, 0.061728939, 0.12186168, -0.34611181, -0.12275023, 0.15283741, -0.0044525267, 0.14741329, -0.24509384, 0.16567491, 0.28144645, 0.077953836, 0.83343609, -0.00088162717, 0.16230756, 0.011275441, 0.057351015, 0.013956914, 0.086493071, -0.11278451, 0.17167145, -0.021581208, -0.099955497, -0.13271043, 0.17995668, -0.16745106, -0.16807908, -0.065943164, -0.22935163, -0.10624981, 0.5024812, 0.055663579, 0.057649537, 0.0031853986, 0.11527488, 0.14194944, 0.0075541475, 0.095842916, -0.14259332, -0.29346063, -0.04302615, -0.06894522, -0.075049902, -0.19341053, 0.45873166, -0.11989489, -0.2211471, -0.1854471, 0.1006323, -0.18096412, 0.059061639, 0.5706703, 0.11049151, 0.55825982, 0.010849756, -0.04134778, -0.095833879, -0.28905468, -0.21871838, -0.078087908, 0.059225008, 0.11901704, 0.098619737, 0.050777478, 0.19115744, 0.11262363, 0.02337344, 0.20258731, 0.31632428, -0.16239157, 0.18261646, -0.078270378, -0.046503234, 0.074142803, -0.10537734, 0.018926872, -0.26019468, -0.31560828, -0.27756011, -0.084580747, -0.24321738, 0.060104928, 0.18842635, -0.098616319, -0.26408601, 0.25368189, 0.061251652, 0.014045655, -0.097677288, 0.74657346, -0.12433457, -0.1863835, -0.1396182, 0.17412063, 0.18904799, 0.054201674, -0.089951401, -0.23974106, 0.013217843, 0.07934045, -0.21938081, -0.032071521, 0.68251874, -0.00032384385, -0.11948776, 0.17871563, -0.12460558, -0.2376447, 0.21802775, -0.013468023, -0.275528, 0.16232978, 0.048170894, 0.38664949, 0.12969795, 0.051296573, 0.056463032, -0.13127862, -0.024776454, 0.16200252, 0.006966491, -0.15431322, -0.05755917, -0.039283703, -0.14286843, 0.093721018, 0.10890444, -0.0080882812, -0.050283437, 0.61070485, 0.12031845, -0.040334801, -0.26431648, 0.054612592, 0.027400459, -0.12656517, -0.33265635, 0.20144515, 0.08324869, 0.1090998, -0.060669739, -0.053529372, 0.094009103, -0.17154001, 0.071034292, -0.032425681, -0.1582388, 0.13957163, -0.099876358], [0.51600262, 0.078227745, -0.023559785, -0.087865612, -0.61513095, 0.18762432, -0.36107362, 0.022594541, -0.45126341, -0.18384334, -0.21168326, -0.027288001, -0.13951867, 0.0, 0.16993965, 0.004503664, -0.014643934, -0.35114692, 0.16617772, -0.63679029, 0.40246449, -0.022047443, 0.063767076, 0.54303858, 0.25824832, -0.10487358, -0.617366, 0.66621916, -0.11827125, -0.55364788, 0.15329476, 0.0087000708, 0.20458495, -0.2675006, 0.20527795, -0.69291795, 0.10217368, 0.0103332, -0.17626389, -0.52208647, -0.18386556, 0.18996298, -0.52514666, 0.27914361, -0.53048579, 0.27919418, -0.46929518, -0.25136611, -0.18051631, -0.19531049, -0.028051805, 0.0015578473, -0.21509795, 0.26216014, 0.70545452, 0.26277579, 0.10991211, -0.15681727, -0.027359854, 0.11602796, 0.012845341, -0.54335995, -0.40962708, -0.39999306, -0.41169746, -0.32438763, -0.0063874191, -0.28260943, -0.094844767, 0.28893554, -0.18508768, -0.01386779, -0.21120066, 0.68399365, -0.088621072, -0.042608215, 0.065381303, -0.16861958, -0.52876828, -0.056164001, 0.33785564, -0.13274692, 0.36153302, -0.18519762, 0.75507308, 0.1829799, 0.3979681, 0.57252632, 0.0015202617, 0.26865799, -0.56098369, -0.21256715, -0.2096542, -0.52980946, 0.23324087, -0.54018981, -0.011369084, -0.062315725, -0.51741699, 0.081862068, 0.689912, -0.013199796, 0.65309481, 0.25388374, 0.024727341, -0.013867308, 0.2869342, -0.2834751, 0.22657869, 0.061354865, 0.04218702, 0.10891965, 0.096697437, 0.24656198, 0.40012408, -0.4132098, -0.22981465, -0.21892653, 0.57037702, 0.030925826, 0.17538315, -0.62733199, -0.36091621, -0.10237451, 0.14441667, 0.70416606, -0.37097266, -0.023228232, -0.18005769, 0.17797986, -0.3457508, -0.18768309, 0.60199388, 0.044687095, -0.31153803, -0.018518755, -0.082199496, 0.73008826, 0.080044369, 0.21773607, 0.49885207, -0.19886513, -0.25259607, 0.23319732, 0.4305712, 0.34502699, -0.099919171, -0.58173048, -0.036128116, 0.10544523, 0.52466038, 0.5912239, 0.5316628, -0.45544025, -0.48612345, 0.33683708, 0.22614686, -0.045468109, -0.25288326, 0.445969, -0.13538793, -0.45487935, -0.26244669, -0.11521214, -0.141889, -0.45307996, -0.25715289, 0.31629675, 0.45653288, 0.0042035931, -0.42993813, 0.31326062, -0.53058929, 0.035355347, 0.13115755, 0.019605121, -0.25813772], [0.10780167, -0.082722265, 0.10676116, 0.0091056357, -0.28193349, 0.15011327, 0.53400299, -0.074182721, 0.024627697, -0.06609799, 0.011431821, 0.17134547, -0.00045642182, 0.16993965, 0.0, 0.27457542, 0.022441545, -0.10246907, -0.072570319, -0.10200976, 0.076320647, -0.19839695, 0.68844177, 0.16321832, 0.077321956, -0.15688139, -0.066212673, 0.44797429, 0.081877333, -0.13588627, 0.2597854, -0.12861899, 0.036170602, 0.65305081, 0.43076025, -0.23676934, -0.22309712, 0.072072285, 0.15661787, -0.010364526, -0.041869588, 0.061343375, -0.048412193, -0.14337559, -0.014938468, -0.043489041, -0.34619031, 0.19554581, -0.17860645, 0.099210365, 0.086018784, -0.15854266, -0.015854033, 0.088047207, 0.21556679, -0.11986023, -0.040086264, -0.37074654, 0.010838005, 0.035578718, 0.045703325, -0.085979554, -0.12054251, 3.9714135e-05, -0.055288023, 0.22894769, 0.048546555, -0.22996191, -0.24436572, -0.0035563637, -0.0022402157, -0.37707428, -0.10141952, 0.074633549, -0.11728299, -0.061289344, 0.030810372, -0.16466011, -0.20251887, -0.094558716, 0.82260542, 0.14678231, 0.053091707, -0.17048484, 0.11462452, -0.0099776205, 0.15649118, 0.25908186, -0.19933428, -0.04442701, -0.23807617, -0.017563931, 0.54150433, -0.12069146, 0.0025705573, -0.19298123, -0.061677926, -0.077386632, -0.20725832, 0.3449791, 0.24305769, 0.37532845, 0.14768115, -0.021217385, -0.13889282, 0.052364531, -0.051913382, -0.1693254, 0.27217081, -0.21233097, 0.7125508, -0.20460363, -0.21708306, -0.023879584, 0.68041932, -0.1279205, -0.15809431, 0.0079678742, 0.11061332, -0.2163833, -0.096736662, -0.21404916, 0.013725841, -0.036200122, -0.16697266, -0.014473221, 0.13851079, -0.11433336, -0.22230827, -0.045395447, 0.05804193, 0.52320823, -0.0011993201, 0.25446204, -0.31986108, 0.051037046, -0.20355859, 0.37101179, -0.20342872, 0.16211495, 0.14568348, 0.0087857891, -0.28739012, 0.44429829, 0.69118148, 0.079727608, 0.71162882, -0.35109635, -0.15511368, 0.036886348, 0.14960762, 0.31058137, 0.16274974, -0.12425904, 0.091165736, 0.16508774, -0.12782295, 0.014403776, -0.0099878379, 0.44971997, 0.0024081188, -0.27912179, -0.18323105, -0.21531105, -0.076743137, 0.032207803, 0.039885029, 0.0099009965, 0.011327445, -0.16455579, 0.12151871, 0.12464493, -0.38747079, 0.019191085, -0.1884499, 0.0032233522, 0.032486625], [-0.069160263, -0.12505116, 0.25303379, 0.091058407, -0.22103277, 0.28428464, 0.1986953, 0.35894336, -0.2174443, -0.11952566, 0.14197449, 0.10191665, -0.037561988, 0.004503664, 0.27457542, 0.0, 0.14297326, 0.19233252, 0.19254487, -0.086893303, 0.22196285, 0.023188443, 0.36877612, 0.038226174, 0.26563239, 0.2872931, -0.077770655, 0.16652337, 0.063910056, -0.036499925, -0.033593618, 0.34466994, 0.54717073, 0.12127583, 0.068023506, -0.16564523, -0.15899458, -0.2769725, 0.67116281, -0.2539752, 0.03685818, 0.1345614, 0.0148847, 0.072112113, -0.033628159, 0.20059751, -0.040939071, -0.034212128, -0.19389872, -0.05728723, 0.29131587, 0.35263846, -0.25605295, -0.0048718686, 0.066753314, 0.082729164, 0.15008867, 0.025022813, 0.12797014, 0.13100613, 0.17094627, 0.094701731, -0.18082572, -0.14918917, -0.23207609, 0.12581774, 0.072888775, 0.069646307, 0.22381354, 0.15936781, -0.25077144, -0.035770874, -0.013165252, -0.022501821, 0.057669976, 0.11746578, 0.15767787, 0.066147874, -0.15102512, -0.02100749, 0.36683945, 0.23422195, -0.079128136, 0.12449746, 0.087700495, 0.11716215, -0.032960773, 0.027641117, -0.28713296, -0.16811972, -0.29568652, 0.094421283, 0.080665732, -0.059241416, -0.0039108343, -0.35600349, 0.11705828, 0.30347058, 0.11071245, 0.232619, 0.025581153, 0.18089512, 0.12623131, -0.04396437, 0.27772831, 0.39699249, 0.029653303, 0.28768656, 0.11199258, 0.0099377621, 0.25167644, 0.11256065, 0.071606123, -0.09853269, 0.19665503, -0.16219811, -0.05838882, 0.16287083, 0.26402822, -0.0066491281, 0.097185508, -0.22604489, -0.24368776, -0.15807858, 0.22768494, -0.042706454, 0.10410314, -0.16682335, 0.13265516, 0.12613809, 0.15599086, 0.1383872, 0.07785772, -0.073794483, -0.13507736, 0.33826369, -0.043143806, 0.051642699, 0.13975892, -0.070289234, -0.020259085, -0.32915217, -0.089955324, 0.33090011, 0.22667775, 0.22475995, 0.26717419, -0.28506993, 0.035022979, -0.11612175, 0.084258127, 0.14386276, 0.098257505, -0.16339434, -0.19084738, -0.16147721, 0.02874706, 0.038489339, -0.038157455, 0.24050555, 0.24681728, -0.069636668, -0.22346929, 0.17508924, 0.44256674, -0.063707159, 0.053938992, -0.13252761, -0.058401313, -0.21636469, -0.021631747, 0.058924121, -0.19151175, 0.12871213, -0.019266311, 0.18671054, 0.29582945], [0.057366694, 0.23589118, 0.81300161, -0.0794457, -0.11914802, 0.29322535, -0.25574232, 0.016637954, -0.29434638, -0.012690661, 0.017305407, 0.31710759, -0.12163085, -0.014643934, 0.022441545, 0.14297326, 0.0, -0.11745781, 0.007177562, -0.02677344, 0.11228482, -0.01735298, 0.029105781, -0.040248407, 0.29035384, 0.025642342, -0.082976192, -0.14175239, -0.047518985, -0.38104368, 0.043834233, 0.13846229, 0.16892312, -0.18793444, -0.13721973, -0.043310214, -0.14805517, -0.10649928, 0.011187895, 0.19322487, -0.11147286, 0.077275323, -0.14435837, 0.20588596, -0.38808864, 0.38815157, -0.04298261, -0.251537, -0.11666619, 0.65737017, 0.0080888662, -0.045855183, 0.049502723, 0.38448324, 0.096297293, -0.020580862, 0.0014606143, 0.12012443, -0.10559205, -0.13260362, 0.64299888, -0.16305577, -0.35197272, -0.35481167, -0.37298244, -0.14476336, 0.41557801, 0.1529716, 0.19892779, 0.43479498, 0.13167386, -0.11802569, -0.065596043, -0.058216075, 0.18648317, -0.022922653, 0.32853569, 0.082338955, -0.14342806, -0.23941166, -0.10224934, 0.066804549, 0.17243404, 0.0088714805, 0.17994127, 0.045828672, 0.072272329, -0.068140456, 0.019890683, -0.076252121, -0.11284918, 0.72973345, 0.19807824, -0.25201792, 0.20052908, 0.078627551, -0.10517221, -0.14294257, -0.11344469, -0.30007494, 0.13719494, -0.270576, 0.07756521, -0.014347235, 0.14120844, 0.055826375, 0.60287865, 0.035739769, -0.19116144, 0.14056533, 0.10464431, -0.14608716, 0.020988664, 0.17019268, -0.03561686, -0.30197529, 0.0042558127, -0.0755989, 0.28442026, -0.037179868, 0.28476892, -0.17624186, -0.14520799, -0.181425, 0.3753537, -0.22861697, -0.080355853, 0.31044389, 0.10128549, 0.56420675, 0.028205063, -0.15690711, 0.1037853, 0.021176443, -0.13228433, 0.10195449, -0.026727831, 0.0033268739, 0.075290045, -0.0030330122, 0.10308032, -0.017226987, 0.02060049, 0.14559399, -0.12985339, 0.047343074, 0.16468182, -0.29083377, -0.019889691, -0.3147723, -0.0023998815, 0.075177385, 0.29867128, -0.31946191, 0.26263803, -0.15650564, 0.34760438, -0.096961883, 0.70253789, -0.20586061, 0.0029572896, -0.17788821, 0.23101573, 0.030945104, 0.0046191399, -0.24730701, -0.39203107, -0.14721947, 0.28796289, 0.20040262, -0.23665341, 0.16598843, -0.33651876, 0.50103989, 0.041066352, 0.19417155, 0.030985199], [-0.26655912, -0.11967904, -0.080076709, 0.077253655, 0.32081644, 0.18458268, 0.14000918, 0.015265408, 0.089150252, 0.2637485, 0.55259402, -0.20041525, -0.0017186481, -0.35114692, -0.10246907, 0.19233252, -0.11745781, 0.0, 0.033212431, 0.39159382, 0.049135376, 0.22214222, -0.065603408, -0.4145491, -0.091892806, -0.029114267, 0.34313307, -0.33119559, 0.15720005, 0.52866199, -0.12536205, 0.18366319, 0.02395888, -0.02633664, -0.2972157, 0.50718383, 0.12638714, -0.089069061, 0.36471922, 0.036133956, 0.22479102, -0.2471999, 0.33251675, 0.018661807, 0.47117279, -0.10934122, 0.65464697, 0.23193743, 0.37690089, -0.17211821, 0.56908298, 0.051402286, -0.16366347, -0.40892351, -0.24131207, 0.15987295, -0.016442886, 0.10080025, 0.18667757, 0.1006774, -0.039129963, 0.56574795, 0.17618699, 0.28226772, 0.18093717, 0.23923755, 0.1670936, 0.14456803, 0.37598472, -0.066057629, -0.10119983, 0.23327571, 0.10308704, -0.37323307, 0.048260687, 0.027450747, 0.0051762487, 0.18288342, 0.16549353, 0.029668647, -0.15395443, 0.13287283, -0.30643008, 0.089985972, -0.41436649, -0.060728519, -0.22575151, -0.29874068, -0.08320296, -0.18944089, 0.17553577, -0.059709011, -0.11456712, 0.23440177, -0.10683319, 0.065050054, 0.17622383, 0.011137407, 0.64933131, 0.18625041, -0.38769589, 0.24853188, -0.1019027, 0.054847149, 0.23829709, 0.041907939, -0.217899, 0.29901793, 0.045141844, 0.33108995, -0.17176138, 0.21666378, 0.19057994, -0.17241114, -0.35879186, 0.046555874, 0.22283602, 0.11786268, -0.10138017, 0.029591253, -0.039551085, 0.31635794, -0.06791988, 0.1303007, 0.012330891, -0.28638343, 0.3274748, -0.13194887, 0.15507419, -0.029910576, 0.25687737, 0.092141714, -0.075385889, -0.10468717, 0.17678618, -0.020690067, 0.045619289, -0.2334